24,34
24,33
24,32
24,18
24,31
24,19
24,30
4294967279,309
24,29
24,28
24,27
24,26
24,25
24,24
24,23
24,22
24,21
24,20
24,5
24,17
4294967279,308
24,16
24,15
24,14
24,13
24,12
24,11
24,10
24,9
24,8
24,7
24,6
26,8
26,7
25,26
25,192
25,322
25,45
25,219
25,196
25,52
25,33
25,321
25,320
25,319
25,318
25,317
25,316
25,315
25,218
25,53
25,314
25,217
25,43
25,313
25,312
25,216
25,195
25,311
25,310
25,309
25,308
25,307
25,306
25,305
25,304
25,303
25,302
25,301
25,300
25,299
25,298
25,297
25,296
25,295
25,294
25,293
25,292
25,291
25,290
25,289
25,215
25,63
25,288
25,287
25,214
25,62
25,286
25,285
25,284
25,283
25,282
25,281
25,280
25,279
25,278
25,277
25,276
25,275
25,274
25,273
25,272
25,271
25,270
25,269
25,268
25,267
25,266
25,265
25,264
25,263
25,213
25,212
25,262
25,30
25,48
25,261
25,260
25,259
25,258
25,211
25,210
25,57
25,61
25,257
25,256
25,191
25,190
25,209
25,60
25,189
25,188
25,208
25,187
25,19
25,186
25,185
25,184
25,183
25,182
25,207
25,181
25,206
25,59
25,180
25,205
25,49
25,179
25,178
25,204
25,50
25,177
25,203
25,58
25,176
25,202
25,175
25,18
25,201
25,47
25,174
25,173
25,172
25,200
25,56
25,171
25,170
25,169
25,168
25,167
25,166
25,165
25,164
25,163
25,162
25,199
25,161
25,55
25,160
25,198
25,54
25,159
25,158
25,157
25,156
25,155
25,154
25,153
25,152
25,151
25,150
25,149
25,197
25,148
25,147
25,194
25,25
25,146
25,145
25,193
25,144
25,143
25,51
25,142
25,141
25,140
25,139
25,138
25,137
25,136
25,135
25,134
25,133
25,132
25,131
25,130
25,129
25,128
25,127
25,126
25,125
25,124
25,123
25,122
25,121
25,120
25,119
25,118
25,117
25,116
25,115
25,114
25,113
25,112
25,111
25,110
25,109
25,108
25,107
25,106
25,105
25,104
25,103
25,102
25,101
25,100
25,99
25,98
25,97
25,96
25,95
25,94
25,93
25,92
25,91
25,90
25,89
25,88
25,87
25,86
25,85
25,84
25,83
25,82
25,81
25,80
25,79
25,78
25,77
25,76
25,75
25,74
25,73
25,72
25,71
25,70
25,69
25,68
25,67
25,66
25,65
25,64
25,46
25,44
25,42
25,41
25,40
25,39
25,38
25,37
25,36
25,35
25,34
25,32
25,31
25,29
25,28
25,27
25,5
25,24
25,23
25,22
25,21
25,20
25,6
25,17
25,16
25,15
25,14
25,13
25,12
25,11
25,10
25,9
25,8
25,7
27,4
27,3
27,2
27,1
26,6
26,5
26,4
26,3
26,2
26,1
25,4
25,3
25,2
25,1
24,4
24,3
24,2
24,1
23,6
23,5
23,4
23,3
23,2
23,1
22,4
22,3
22,2
22,1
4294967294,472
4294967278,339
4294967293,131
4294967293,130
4294967293,129
4294967293,128
4294967293,127
4294967293,126
4294967293,125
4294967293,124
4294967293,123
4294967293,122
4294967293,121
4294967293,120
4294967293,119
4294967293,118
4294967293,117
4294967293,116
4294967293,115
4294967293,114
4294967293,113
4294967293,112
4294967293,111
4294967293,110
4294967293,109
4294967293,108
4294967293,107
4294967293,106
4294967293,105
4294967293,104
4294967293,103
4294967293,102
4294967293,101
4294967293,100
4294967293,99
4294967293,98
4294967293,97
4294967293,96
4294967293,95
4294967293,94
4294967293,93
4294967293,92
4294967293,91
4294967293,90
4294967293,89
4294967293,88
4294967293,87
4294967293,86
4294967293,85
4294967293,84
4294967293,83
4294967293,82
4294967293,81
4294967293,80
4294967293,79
4294967293,78
4294967293,77
4294967293,76
4294967293,75
4294967293,74
4294967293,73
4294967293,72
4294967293,71
4294967293,70
4294967293,69
4294967293,68
4294967293,67
4294967293,66
4294967293,65
4294967293,64
4294967293,63
4294967293,62
4294967293,61
4294967293,60
4294967293,59
4294967293,58
4294967293,57
4294967293,56
4294967293,55
4294967293,54
4294967293,53
4294967293,52
4294967293,51
4294967293,50
4294967293,49
4294967293,48
4294967293,47
4294967293,46
4294967293,45
4294967293,44
4294967293,43
4294967293,42
4294967293,41
4294967293,40
4294967293,39
4294967293,38
4294967293,37
4294967293,36
4294967293,35
4294967293,34
4294967293,33
