0,303
0,197
0,472
0,196
0,468
0,195
0,464
0,194
0,465
0,61
31,33
31,32
31,18
31,31
31,30
31,17
31,29
0,495
31,28
31,27
31,26
31,25
31,24
31,23
31,22
31,21
31,20
31,19
31,4
31,16
0,494
31,15
31,14
31,13
31,12
31,11
31,10
31,9
31,8
31,7
31,6
31,5
0,193
0,493
0,192
0,492
0,491
30,7
30,6
28,195
28,322
28,45
28,46
28,321
28,320
28,220
28,192
28,319
28,318
28,317
28,219
28,24
28,316
28,315
28,314
28,313
28,312
28,218
28,311
28,63
28,310
28,309
28,308
28,307
0,490
28,217
28,306
28,51
28,305
28,216
28,52
28,304
28,303
28,302
28,301
28,300
28,299
28,298
28,297
28,296
28,295
28,294
28,293
28,292
28,291
28,215
28,50
28,290
28,289
28,288
28,287
28,286
28,285
28,284
28,283
28,214
28,62
28,282
28,281
28,213
28,61
0,489
28,280
28,279
28,278
28,277
28,276
28,275
28,274
28,273
28,272
28,271
28,270
28,269
28,268
28,267
28,266
28,265
28,264
28,212
28,263
28,211
28,59
28,262
28,60
28,261
28,210
28,260
28,31
28,209
28,208
28,207
28,29
28,48
28,259
28,258
28,49
28,257
28,256
28,206
28,191
28,58
28,190
0,488
28,189
28,188
28,187
28,186
28,185
28,184
28,205
28,204
28,16
28,17
28,183
28,182
28,181
28,180
28,179
28,178
28,177
28,176
28,175
28,174
28,203
28,57
28,173
28,172
28,171
